$ANSIBLE_VAULT;1.1;AES256
36336130646139353732623130373830363265306236376232303962356534393665666263396666
6133643532663838616231336330613162303164616339300a636633633834633964653166636464
62373032386139366663333436386664366662303966663363343030653830353865366265326632
6631623366303333390a353932303337366465393031303664343963653463376530376162623534
33363235633961613830663935363566376536306562623637323530323337666437303139396562
37336164363037363538656436333537643366353562303439633232656434353663666562323764
66663233323535363166306238323366333364363439626263396161376664363732316562336231
62306439326330353665393137376466383831393932613330343563386336643366316266336139
36346338396166633434373536653430613635353233653666666534376235346237303266313263
37663533623031326530363030333938333234346633653931313536363033333333356630396666
35363937633130346330393565613738383734303831383936653265353537326235353466366231
63303630333934623735663561363836356236633930343165643964363161616466366236383936
31633835326433383237313833343464353261663839373462386231353736313437616363393364
63636132373363373635636132343763623963613735303066353535316363373565326565303437
65373536343765366331356638323934646439313433616239346431383331323134333438623636
63613266646435366637313232613534323563343864326664633937386466383938666434376535
65343661373331316362626431633931663538623063366462636661376663653231623861353539
33653530376635613965383839613138656439396235333463663165366266373832323439656532
64383832316636613565643633616461643537313166393137316231663063653066653366386466
32373831653633663535633739613764643138646331396230646431393835313534303965646632
30663230623035326335343936356362373261313232656130626336376537626464656362373935
33626361643465623737353537393866633539643664643366333236303965393639363138386466
39646335323332633438656665663561303734616665356130663839653964643161373735383732
36383361323333346163343834636435646563666265343364623634386536653739313362633262
61366138323365353534386530363939366165303965336338303361323139303339336335613135
32323661323830363364613933616136656432643066393665643266313930616365636537363136
37386634613534336462316639613636316661356139333861616130623937383336626635333666
39643666366562623531386437356662623161646165636665613430396138653437353134366164
37373765643566376139633564303233633365393764336364623363303262356331
